-28,21,2900 -29,34,2500 -14,35,1200 -31,13,1500  58190
-31,22,600 -14,25,1800 -33,33,2500 -20,27,700  57960
-29,21,100 -26,33,400 -31,17,1900 -19,20,1200  57600
-31,21,2600 -24,17,400 -32,29,1800 -23,33,300  56680
-29,22,100 -20,22,900 -12,32,600 -26,12,2300  55040
-26,18,500 -34,16,1100 -32,15,2200 -15,15,1900  52760
-15,18,100 -27,27,200 -23,10,100 -14,20,1400  52660
-14,15,2400 -11,35,2900 -22,13,1100 -20,12,500  51920
-16,30,2000 -20,15,1000 -19,26,1400 -33,34,1600  49130
-10,30,1800 -17,16,900 -14,33,2900 -13,35,2700  48050
-14,20,1900 -14,21,100 -35,24,2600 -15,25,900  42490
-18,13,2400 -17,25,500 -28,12,1200 -11,31,2200  41560
-12,29,300 -17,26,2600 -34,26,800 -18,19,2300 40660
-28,14,1500 -14,33,2000 -22,18,200 -18,21,1100  40440
-33,34,2900 -17,15,300 -16,18,2100 -23,17,1300  40150
-14,27,2400 -33,20,1000 -14,23,500 -13,12,100  39740
-32,13,2600 -35,15,100 -24,29,800 -26,27,1100  39070
-21,11,1300 -14,35,1600 -29,10,3000 -14,21,2800  38440
-17,15,2200 -14,22,2700 -23,18,1000 -24,11,300  37590
-29,13,2200 -18,34,2100 -28,24,1200 -33,22,1400  37190
-12,32,400 -23,21,900 -32,28,1100 -28,20,2700  37090
-19,14,2300 -23,26,1500 -29,23,1800 -23,25,2900  34880
-33,21,400 -35,22,600 -31,18,800 -25,26,1300  32770
-18,20,2900 -35,11,200 -34,20,1900 -24,19,1900  31700
-11,28,1000 -23,10,2000 -34,15,2400 -24,20,800  28360
-20,31,500 -28,23,1000 -20,28,2300 -23,24,1000  26960
-32,26,2200 -25,18,1000 -16,14,2800 -23,21,1600  26410
-26,22,1100 -21,30,1900 -32,28,400 -28,23,1400  26400
-32,21,1800 -22,35,1400 -13,32,1000 -14,27,1100  0
-35,12,800 -23,21,1100 -29,26,400 -27,16,2700  0
-30,15,1000 -16,20,400 -21,32,1000 -22,21,1900  0
-16,25,2100 -23,35,2400 -17,16,2800 -20,34,1200  0
-22,25,400 -17,34,2500 -35,28,2800 -16,29,3000  0
-21,10,900 -20,35,400 -23,23,2200 -17,30,2900  0
-35,28,1500 -21,16,1800 -22,21,2100 -25,22,2700  0
-33,17,1000 -31,16,1600 -18,19,2500 -18,31,400  0
-34,18,1100 -30,35,2600 -21,11,1900 -10,12,2600  0
-25,13,2100 -24,28,800 -25,24,100 -27,31,1400  0
-12,25,1300 -31,14,1000 -13,17,2800 -12,27,1400  0
-29,11,2100 -28,21,1900 -10,35,2200 -13,11,400  0
-30,13,500 -34,23,2300 -19,16,1200 -15,16,2600  0
-21,32,1600 -20,27,1600 -34,30,2800 -35,18,1700  0
-12,32,400 -24,17,2200 -14,29,1400 -23,16,2300  0
-22,28,200 -35,32,2300 -13,20,2200 -17,29,1700  0
-22,23,1300 -26,11,600 -20,20,1500 -15,12,2300  0
-11,33,1600 -19,18,800 -14,10,1700 -12,23,600  0
-13,30,2900 -15,21,500 -18,22,2000 -12,35,600 0 
-30,30,1200 -26,17,2300 -31,12,1400 -22,32,1600  0
-34,12,500 -15,35,2800 -31,28,2100 -34,23,2300  0
-21,33,2500 -15,12,700 -13,24,1500 -13,23,800  0
