-27,24,160 -15,14,100 -28,20,130 -32,32,162  27460
-26,19,100 -14,14,100 -25,17,186 -33,33,100  27560
-30,30,100 -14,14,100 -32,22,100 -30,32,100  54650
-32,27,100 -32,18,107 -12,19,137 -19,28,121  0
-35,25,100 -28,17,100 -17,15,153 -19,30,100  0
-32,30,100 -37,22,100 -11,22,100 -21,23,100  35910
-25,25,199 -18,23,111 -21,18,100 -21,23,100  54360
-19,16,100 -10,25,100 -26,20,168 -20,14,100  45550
-36,35,100 -28,25,100 -20,15,100 -24,31,182  36800
-22,26,1150 -20,29,100 -20,12,1125 -20,29,1310  0
-28,20,208 -26,27,100 -20,15,100 -29,30,141  47290
-14,28,224 -12,35,100 -22,10,100 -15,31,133  0
-24,21,100 -28,19,100 -25,25,100 -16,26,155  39140
-33,35,100 -33,14,100 -24,31,100 -14,19,100  28600
-13,10,100 -27,23,143 -22,19,100 -20,31,179  0
-25,30,425 -20,29,1225 -29,23,900 -17,29,750  0
-35,33,100 -24,31,100 -33,29,116 -22,33,159  0
-16,26,100 -16,29,100 -26,19,157 -13,24,100  0
