-26,20,100 -24,18,120 -27,20,100 -18,21,100  0
-29,20,134 -24,12,175 -29,21,100 -12,24,100  0
-23,19,158 -26,29,226 -23,18,100 -26,17,217  32460
-22,21,1000 -24,21,937 -23,20,937 -21,23,892  0
-24,20,100 -23,26,100 -26,20,108 -24,21,100  0
-19,23,194 -24,15,100 -19,21,100 -18,21,100  0
-21,22,125 -22,17,100 -20,20,140 -16,23,135  0
-29,17,100 -26,14,125 -22,26,100 -12,19,141  0
-16,26,100 -19,21,100 -20,17,100 -23,30,185  0
 34010
 32710
 32080
 33060
 32710
 32710
 33200
 32670
 32710
 32670
 32670
 32080
 33200
 33060
 32170
 32080
 33060
 33200
 33060
 32710
 32670
 34170
 33220
 33060
 33060
 33060
 33060
 32670
 32710
 33220
 32710
 33060
 32710
 32170
 33060
 32670
 32670
 33060
 32670
 32180
 32670
 32710
 32710
 32380
 32710
 32710
 32080
 33220
 33200
 32670
 32670
 33220
 32670
 32670
 32710
 33060
 32670
 33220
 32710
 33200
 32670
 33060
 33060
 33220
 32370
 32670
 31810
 32710
 32670
 32670
 32670
 32180
 32080
 33060
 32670
 33060
 33220
 32670
 31660
 32670
 32710
 32670
 32670
 33060
 33060
 33220
 33060
 32710
 33060
 32670
 32670
 33060
 33060
 33060
 32180
 32670
 33220
 32670
 32670
 32670
 32670
 32670
 32670
 32670
 32670
 32170
 32670
 32710
 32670
