-11,10,1200 -30,13,600 -17,20,1700 
-22,23,1000 -23,29,3000 -29,12,1900 
-30,13,700 -21,17,2200 -34,14,1300 
-26,18,100 -35,17,1100 -10,24,500 
-24,23,800 -17,33,100 -28,19,1100 
-29,24,400 -17,18,1400 -11,32,2400 
-16,33,1600 -18,11,1900 -33,11,1700 
-22,11,1000 -23,14,1900 -24,33,1800 
-33,31,1600 -18,18,1500 -22,17,2000 
-32,31,300 -35,10,1800 -18,12,3000 
-26,12,1900 -13,17,100 -13,32,1700 
-25,22,2700 -31,14,2600 -30,25,600 
-25,19,300 -13,29,500 -32,32,1900 
-16,11,500 -12,21,900 -32,23,3000 
-34,24,2200 -25,20,2200 -10,25,2300 
-35,35,900 -31,21,300 -19,27,2600 
-23,17,100 -29,13,1100 -28,13,3000 
-34,16,1700 -18,29,500 -21,19,1900 
-29,33,2700 -34,30,2700 -32,20,2100 
-16,28,1000 -27,14,1800 -28,27,2600 
-19,19,2900 -27,10,800 -23,22,2000 
-18,34,2800 -16,32,2700 -32,16,400 
-29,19,1000 -25,34,500 -18,32,1100 
-31,12,400 -16,25,900 -14,18,1800 
-25,11,1400 -22,31,200 -18,16,1200 
-29,34,1100 -29,16,2900 -32,16,1600 
-31,23,600 -13,15,500 -23,35,900 
-33,24,2300 -26,21,2800 -11,15,2000 
-30,31,300 -27,33,100 -32,16,1000 
-30,31,3000 -31,12,2400 -22,12,300 
-27,20,1300 -34,13,1500 -17,15,1700 
-22,18,3000 -29,28,900 -10,13,100 
-28,10,1300 -22,13,900 -12,16,3000 
-21,30,300 -11,19,2600 -19,20,1400 
-32,25,2100 -33,10,2500 -20,18,1900 
-27,34,2000 -26,30,100 -10,16,100 
-32,30,1600 -27,15,1400 -14,25,2100 
-34,28,2300 -32,31,2600 -14,22,1600 
-12,31,1100 -29,23,1300 -13,25,2800 
-11,14,1000 -14,11,900 -18,22,2000 
-25,11,500 -20,15,800 -33,24,2100 
-25,34,1900 -20,21,1100 -24,20,2400 
-15,27,700 -30,12,2300 -19,29,900 
-10,28,1200 -13,32,3000 -12,18,2900 
-11,21,1800 -22,23,1100 -23,23,700 
-31,27,1200 -33,32,2800 -32,16,2700 
-21,10,2400 -24,19,2000 -27,20,400 
-28,19,900 -35,15,1300 -26,31,1400 
-23,11,2100 -25,29,1400 -23,30,800 
-22,29,100 -35,24,1300 -34,24,300 
