-24,17,100 -26,25,100 -24,20,100 -22,20,100  57250
-27,20,100 -27,19,116 -25,25,191 -23,16,185  55700
-19,15,117 -26,29,100 -27,16,100 -22,28,100  38170
-20,18,1040 -26,25,437 -27,17,900 -20,21,650  57360
-27,18,190 -27,22,136 -32,24,112 -26,21,100  46590
-13,18,100 -26,25,100 -25,14,146 -16,19,100  59160
-26,19,150 -27,24,357 -22,24,425 -20,23,652  49280
-24,15,170 -31,20,100 -29,22,100 -25,27,100  50070
-29,23,100 -26,26,177 -15,29,137 -16,18,100  60180
 60870
 60520
 58250
 57710
 0
 60710
 57590
 60180
 60180
 56130
 59610
 55580
 60180
 56130
 57590
 57710
 58520
 60300
 60360
 60870
 60520
 57590
 0
 60710
 0
 60710
 56130
 60180
 59670
 57710
 57710
 57710
 58040
 49100
 57710
 59030
 0
 60710
 58040
 57710
 0
 60710
 56130
 56130
 60180
 57710
 56130
 0
 60710
 57710
 0
 60710
 58040
 59610
 57720
 60180
 56050
 0
 60710
 0
 60710
 59670
 0
 60710
 58040
 57710
 59670
 0
 60710
 59610
 57590
 57280
 0
 60710
 60180
 57710
 57710
 57710
 60180
 57710
 56130
 60180
 56130
 57940
 57710
 55130
 56050
 58040
 60180
 57590
 59670
 60520
 57710
 56130
 56050
 60180
 60180
 57710
 56130
 60360
 0
 60710
 60300
 56130
 60180
 56050
 0
 60710
 0
 60710
 60180
 57710
 60180
 60180
 0
 60710
 57710
 0
 60710
 59610
 57710
 58040
 60180
 58040
 60180
 57710
 56130
 54130
 57940
 57590
 57710
 58250
 56130
 0
 60710
 58040
 57710
 56050
 58040
 58020
 58040
 57710
 56130
 60180
 57710
 60180
 58040
 57710
 58020
 54130
 58040
 58040
 57710
 54130
 60360
 0
 60710
 57710
 56130
 57810
 60180
 0
 60710
 0
 60710
 59380
 57710
 57810
 57940
 56130
 55310
 57810
 0
 60710
 60180
 0
 60710
 58040
 59060
 60180
 60180
 56050
 56130
 56130
 58040
 60180
 57710
 59610
 54130
 60180
 57710
 56130
 54190
 57710
 60520
 56950
 55580
 58040
 57710
 57710
 58040
 60180
 59670
 56130
 56130
 58250
 57710
 59670
 0
 60710
 60360
 57710
 60180
 57710
 56130
 59060
 57810
 59030
 57710
 60180
 58250
 59610
 57590
 59290
 57940
 59030
 59670
 58040
 60180
 61130
 57100
 57930
 60520
 57710
 60870
 57590
 57940
 57940
 59610
 59610
 60870
 56130
 60360
 60180
 60520
 58040
 59060
 60520
 56900
 55950
 56050
 60180
 0
 60710
 59030
 58040
 57040
 57590
 55180
 57590
 59290
 60520
 0
 60710
 59030
 59030
 57590
 60360
 60520
 60360
 60180
 58520
 59610
 57590
 59610
 59610
 56130
 59030
 57710
 60180
 57940
 57710
 59610
 56130
 57940
 60360
 57710
 60360
 57940
 56130
 57590
 58360
 59670
 56130
 55580
 55880
 0
 60710
 57590
 60360
 56050
 57710
 55950
 57810
 59610
 59060
 60360
 57040
 0
 60710
 59610
 57710
 0
 60710
 57590
 60360
 59290
 59610
 59060
 60520
 60180
 57810
 60180
 58700
 59610
 57940
 0
 60710
 59610
 56130
 0
 60710
 59610
 56050
 0
 60710
 60870
 60870
 57940
 57810
 57710
 59610
 56130
 59610
 57590
 0
 60710
 57590
 59060
 59610
 47730
 60520
 57100
 0
 60710
 59290
 60360
 60520
 57710
 57040
 59610
 60520
 59670
 57810
 57940
 59610
 57710
 59030
 60180
 57040
 57710
 57040
 54130
 59610
 58280
 57710
 59290
 57590
 58040
 59290
 0
 60710
 57710
 58250
 56130
 58520
 57710
 57710
 60180
 0
 60710
 0
 60710
 57710
 60180
 57940
 59670
 60870
 59610
 57710
 0
 60710
 57710
 57810
 57710
 56130
 56050
 59290
 57810
 60180
 57710
 57710
 56130
 57710
 57710
 60180
 57710
 56130
 60870
 57810
 56130
 59610
 60180
 57710
 58040
 57940
 55950
 59260
 57930
 57710
 60180
 55310
 0
 60710
 57590
 57590
 56130
 0
 60710
 60180
 60870
 59630
 56050
