-29,21,1750 -21,29,2150 -23,34,1850 -25,20,1100  0
-28,20,100 -29,34,100 -14,37,100 -29,13,100  57550
-33,20,100 -12,25,100 -35,31,151 -21,26,100  38990
-30,21,1350 -25,25,400 -31,23,1850 -21,26,750  56150
-31,23,100 -28,31,110 -33,19,141 -17,19,100  60950
-29,19,100 -22,17,100 -32,30,100 -25,32,100  37430
-27,20,300 -27,19,1000 -22,23,1400 -20,13,2100  58100
-27,20,201 -20,23,100 -11,34,100 -28,12,100  56300
-27,20,100 -34,18,100 -34,13,100 -17,16,100  40080
-14,16,1250 -19,31,1550 -22,11,600 -17,16,950  57340
-15,17,100 -28,29,100 -25,12,100 -16,20,100  55350
-14,16,100 -11,36,100 -20,12,100 -20,14,176  47020
-13,30,1900 -18,15,950 -16,29,2150 -23,34,2150  0
-18,32,100 -20,15,100 -17,28,100 -32,35,100  0
-10,31,119 -15,15,100 -16,32,100 -15,36,100  0
-16,16,2150 -15,23,300 -31,18,1900 -13,28,1550  0
-14,19,100 -12,23,100 -36,23,160 -14,26,110  44360
-17,13,195 -19,25,100 -27,10,100 -10,30,100  34270
-20,21,900 -15,29,2300 -28,22,500 -18,20,1700  41680
-13,28,100 -19,24,100 -36,25,100 -19,19,178  0
-28,15,100 -12,31,100 -21,17,186 -16,23,165  37420
-23,30,2650 -25,17,650 -15,20,1300 -18,14,700  47830
-31,36,100 -15,13,100 -16,18,100 -21,17,100  32150
-13,25,104 -34,20,190 -15,21,197 -13,10,124  47690
-19,23,1200 -26,22,1450 -22,22,1600 -20,25,1400  0
-26,21,174 -23,29,151 -33,29,193 -29,25,100  53820
-12,23,116 -32,12,128 -12,17,100 -12,25,100  50450
-16,17,1100 -25,24,700 -18,20,2500 -14,28,2150  57000
-12,23,100 -32,15,100 -11,15,100 -11,25,100  44580
-21,11,100 -21,35,100 -21,21,183 -19,30,100  0
-27,13,950 -25,25,1000 -20,21,2350 -17,30,1650  0
-21,12,100 -20,33,100 -24,24,100 -18,32,100  0
-34,19,100 -30,14,148 -19,17,108 -19,29,100  47720
-32,19,1400 -26,25,1500 -15,25,1750 -16,29,750  0
-34,18,100 -30,18,100 -17,21,100 -20,30,136  30220
-32,19,201 -21,33,100 -11,34,159 -14,28,100  0
-30,17,2000 -20,34,1750 -20,28,1100 -23,24,1250  0
-33,22,100 -23,36,102 -11,31,100 -14,26,156  58450
-28,13,100 -17,36,100 -28,23,100 -35,21,142  0
-23,16,2550 -26,22,1150 -31,22,1550 -28,20,1650  55750
-29,12,100 -20,36,100 -28,22,140 -33,23,100  28600
-19,20,100 -36,11,167 -35,20,100 -24,21,100  0
-21,16,2500 -29,19,500 -29,22,1000 -25,25,1650  58900
-16,19,100 -36,13,100 -33,21,100 -26,21,100  40790
-27,14,100 -26,29,100 -25,23,100 -29,33,100  54830
